15 20
149
0 0 0 1 1 1 1 1 1 1 1 1 1 1 1 1 0 0 0 0
0 3 5 0 0 0 0 0 0 0 0 0 0 0 0 1 0 1 1 0
0 0 0 0 1 1 1 0 1 1 1 0 1 1 1 1 0 1 0 0
1 0 1 0 0 0 1 0 1 1 1 0 1 0 0 0 0 1 0 1
1 0 1 1 1 0 1 0 1 1 1 0 1 0 1 0 0 1 0 1
1 0 1 0 1 0 1 0 0 0 0 0 1 0 1 1 0 1 0 1
1 0 1 0 1 0 1 1 1 1 0 1 1 0 0 1 0 1 0 1
1 0 0 4 0 0 0 0 0 0 0 1 1 1 1 1 0 1 0 1
1 0 1 1 1 0 1 0 1 0 1 0 0 0 0 0 0 1 0 1
1 0 1 1 1 1 1 1 1 0 1 1 1 1 1 1 0 1 0 1
1 0 1 2 0 0 1 0 0 0 1 0 0 0 5 1 0 1 0 1
1 0 1 1 1 0 1 1 1 0 1 0 1 1 1 1 0 1 0 1
1 0 1 1 0 0 0 1 1 0 1 0 0 0 0 0 0 1 0 1
1 0 1 0 1 0 1 0 1 0 1 1 1 1 1 1 1 1 0 1
1 1 1 0 0 0 0 0 0 0 0 0 0 0 0 0 0 0 0 1